3 1 1
3 1 2
3 1 3
3 1 4
3 1 5
3 1 6
3 1 7
3 1 8
3 1 9
3 1 10
3 2 1
3 2 2
3 2 3
3 2 4
3 2 5
3 2 6
3 2 7
3 2 8
3 2 9
3 2 10
3 3 1
3 3 2
3 3 3
3 3 4
3 3 5
3 3 6
3 3 7
3 3 8
3 3 9
3 3 10
3 4 1
3 4 2
3 4 3
3 4 4
3 4 5
3 4 6
3 4 7
3 4 8
3 4 9
3 4 10
3 5 1
3 5 2
3 5 3
3 5 4
3 5 5
3 5 6
3 5 7
3 5 8
3 5 9
3 5 10
4 1 1
4 1 2
4 1 3
4 1 4
4 1 5
4 1 6
4 1 7
4 1 8
4 1 9
4 1 10
4 2 1
4 2 2
4 2 3
4 2 4
4 2 5
4 2 6
4 2 7
4 2 8
4 2 9
4 2 10
4 3 1
4 3 2
4 3 3
4 3 4
4 3 5
4 3 6
4 3 7
4 3 8
4 3 9
4 3 10
4 4 1
4 4 2
4 4 3
4 4 4
4 4 5
4 4 6
4 4 7
4 4 8
4 4 9
4 4 10
4 5 1
4 5 2
4 5 3
4 5 4
4 5 5
4 5 6
4 5 7
4 5 8
4 5 9
4 5 10
5 1 1
5 1 2
5 1 3
5 1 4
5 1 5
5 1 6
5 1 7
5 1 8
5 1 9
5 1 10
5 2 1
5 2 2
5 2 3
5 2 4
5 2 5
5 2 6
5 2 7
5 2 8
5 2 9
5 2 10
5 3 1
5 3 2
5 3 3
5 3 4
5 3 5
5 3 6
5 3 7
5 3 8
5 3 9
5 3 10
5 4 1
5 4 2
5 4 3
5 4 4
5 4 5
5 4 6
5 4 7
5 4 8
5 4 9
5 4 10
5 5 1
5 5 2
5 5 3
5 5 4
5 5 5
5 5 6
5 5 7
5 5 8
5 5 9
5 5 10
6 1 1
6 1 2
6 1 3
6 1 4
6 1 5
6 1 6
6 1 7
6 1 8
6 1 9
6 1 10
6 2 1
6 2 2
6 2 3
6 2 4
6 2 5
6 2 6
6 2 7
6 2 8
6 2 9
6 2 10
6 3 1
6 3 2
6 3 3
6 3 4
6 3 5
6 3 6
6 3 7
6 3 8
6 3 9
6 3 10
6 4 1
6 4 2
6 4 3
6 4 4
6 4 5
6 4 6
6 4 7
6 4 8
6 4 9
6 4 10
6 5 1
6 5 2
6 5 3
6 5 4
6 5 5
6 5 6
6 5 7
6 5 8
6 5 9
6 5 10
7 1 1
7 1 2
7 1 3
7 1 4
7 1 5
7 1 6
7 1 7
7 1 8
7 1 9
7 1 10
7 2 1
7 2 2
7 2 3
7 2 4
7 2 5
7 2 6
7 2 7
7 2 8
7 2 9
7 2 10
7 3 1
7 3 2
7 3 3
7 3 4
7 3 5
7 3 6
7 3 7
7 3 8
7 3 9
7 3 10
7 4 1
7 4 2
7 4 3
7 4 4
7 4 5
7 4 6
7 4 7
7 4 8
7 4 9
7 4 10
7 5 1
7 5 2
7 5 3
7 5 4
7 5 5
7 5 6
7 5 7
7 5 8
7 5 9
7 5 10
8 1 1
8 1 2
8 1 3
8 1 4
8 1 5
8 1 6
8 1 7
8 1 8
8 1 9
8 1 10
8 2 1
8 2 2
8 2 3
8 2 4
8 2 5
8 2 6
8 2 7
8 2 8
8 2 9
8 2 10
8 3 1
8 3 2
8 3 3
8 3 4
8 3 5
8 3 6
8 3 7
8 3 8
8 3 9
8 3 10
8 4 1
8 4 2
8 4 3
8 4 4
8 4 5
8 4 6
8 4 7
8 4 8
8 4 9
8 4 10
8 5 1
8 5 2
8 5 3
8 5 4
8 5 5
8 5 6
8 5 7
8 5 8
8 5 9
8 5 10
9 1 1
9 1 2
9 1 3
9 1 4
9 1 5
9 1 6
9 1 7
9 1 8
9 1 9
9 1 10
9 2 1
9 2 2
9 2 3
9 2 4
9 2 5
9 2 6
9 2 7
9 2 8
9 2 9
9 2 10
9 3 1
9 3 2
9 3 3
9 3 4
9 3 5
9 3 6
9 3 7
9 3 8
9 3 9
9 3 10
9 4 1
9 4 2
9 4 3
9 4 4
9 4 5
9 4 6
9 4 7
9 4 8
9 4 9
9 4 10
9 5 1
9 5 2
9 5 3
9 5 4
9 5 5
9 5 6
9 5 7
9 5 8
9 5 9
9 5 10
10 1 1
10 1 2
10 1 3
10 1 4
10 1 5
10 1 6
10 1 7
10 1 8
10 1 9
10 1 10
10 2 1
10 2 2
10 2 3
10 2 4
10 2 5
10 2 6
10 2 7
10 2 8
10 2 9
10 2 10
10 3 1
10 3 2
10 3 3
10 3 4
10 3 5
10 3 6
10 3 7
10 3 8
10 3 9
10 3 10
10 4 1
10 4 2
10 4 3
10 4 4
10 4 5
10 4 6
10 4 7
10 4 8
10 4 9
10 4 10
10 5 1
10 5 2
10 5 3
10 5 4
10 5 5
10 5 6
10 5 7
10 5 8
10 5 9
10 5 10
11 1 1
11 1 2
11 1 3
11 1 4
11 1 5
11 1 6
11 1 7
11 1 8
11 1 9
11 1 10
11 2 1
11 2 2
11 2 3
11 2 4
11 2 5
11 2 6
11 2 7
11 2 8
11 2 9
11 2 10
11 3 1
11 3 2
11 3 3
11 3 4
11 3 5
11 3 6
11 3 7
11 3 8
11 3 9
11 3 10
11 4 1
11 4 2
11 4 3
11 4 4
11 4 5
11 4 6
11 4 7
11 4 8
11 4 9
11 4 10
11 5 1
11 5 2
11 5 3
11 5 4
11 5 5
11 5 6
11 5 7
11 5 8
11 5 9
11 5 10
12 1 1
12 1 2
12 1 3
12 1 4
12 1 5
12 1 6
12 1 7
12 1 8
12 1 9
12 1 10
12 2 1
12 2 2
12 2 3
12 2 4
12 2 5
12 2 6
12 2 7
12 2 8
12 2 9
12 2 10
12 3 1
12 3 2
12 3 3
12 3 4
12 3 5
12 3 6
12 3 7
12 3 8
12 3 9
12 3 10
12 4 1
12 4 2
12 4 3
12 4 4
12 4 5
12 4 6
12 4 7
12 4 8
12 4 9
12 4 10
12 5 1
12 5 2
12 5 3
12 5 4
12 5 5
12 5 6
12 5 7
12 5 8
12 5 9
12 5 10
13 1 1
13 1 2
13 1 3
13 1 4
13 1 5
13 1 6
13 1 7
13 1 8
13 1 9
13 1 10
13 2 1
13 2 2
13 2 3
13 2 4
13 2 5
13 2 6
13 2 7
13 2 8
13 2 9
13 2 10
13 3 1
13 3 2
13 3 3
13 3 4
13 3 5
13 3 6
13 3 7
13 3 8
13 3 9
13 3 10
13 4 1
13 4 2
13 4 3
13 4 4
13 4 5
13 4 6
13 4 7
13 4 8
13 4 9
13 4 10
13 5 1
13 5 2
13 5 3
13 5 4
13 5 5
13 5 6
13 5 7
13 5 8
13 5 9
13 5 10
14 1 1
14 1 2
14 1 3
14 1 4
14 1 5
14 1 6
14 1 7
14 1 8
14 1 9
14 1 10
14 2 1
14 2 2
14 2 3
14 2 4
14 2 5
14 2 6
14 2 7
14 2 8
14 2 9
14 2 10
14 3 1
14 3 2
14 3 3
14 3 4
14 3 5
14 3 6
14 3 7
14 3 8
14 3 9
14 3 10
14 4 1
14 4 2
14 4 3
14 4 4
14 4 5
14 4 6
14 4 7
14 4 8
14 4 9
14 4 10
14 5 1
14 5 2
14 5 3
14 5 4
14 5 5
14 5 6
14 5 7
14 5 8
14 5 9
14 5 10
15 1 1
15 1 2
15 1 3
15 1 4
15 1 5
15 1 6
15 1 7
15 1 8
15 1 9
15 1 10
15 2 1
15 2 2
15 2 3
15 2 4
15 2 5
15 2 6
15 2 7
15 2 8
15 2 9
15 2 10
15 3 1
15 3 2
15 3 3
15 3 4
15 3 5
15 3 6
15 3 7
15 3 8
15 3 9
15 3 10
15 4 1
15 4 2
15 4 3
15 4 4
15 4 5
15 4 6
15 4 7
15 4 8
15 4 9
15 4 10
15 5 1
15 5 2
15 5 3
15 5 4
15 5 5
15 5 6
15 5 7
15 5 8
15 5 9
15 5 10
17 1 1
17 1 2
17 1 3
17 1 4
17 1 5
17 1 6
17 1 7
17 1 8
17 1 9
17 1 10
17 2 1
17 2 2
17 2 3
17 2 4
17 2 5
17 2 6
17 2 7
17 2 8
17 2 9
17 2 10
17 3 1
17 3 2
17 3 3
17 3 4
17 3 5
17 3 6
17 3 7
17 3 8
17 3 9
17 3 10
17 4 1
17 4 2
17 4 3
17 4 4
17 4 5
17 4 6
17 4 7
17 4 8
17 4 9
17 4 10
17 5 1
17 5 2
17 5 3
17 5 4
17 5 5
17 5 6
17 5 7
17 5 8
17 5 9
17 5 10
18 1 1
18 1 2
18 1 3
18 1 4
18 1 5
18 1 6
18 1 7
18 1 8
18 1 9
18 1 10
18 2 1
18 2 2
18 2 3
18 2 4
18 2 5
18 2 6
18 2 7
18 2 8
18 2 9
18 2 10
18 3 1
18 3 2
18 3 3
18 3 4
18 3 5
18 3 6
18 3 7
18 3 8
18 3 9
18 3 10
18 4 1
18 4 2
18 4 3
18 4 4
18 4 5
18 4 6
18 4 7
18 4 8
18 4 9
18 4 10
18 5 1
18 5 2
18 5 3
18 5 4
18 5 5
18 5 6
18 5 7
18 5 8
18 5 9
18 5 10
19 1 1
19 1 2
19 1 3
19 1 4
19 1 5
19 1 6
19 1 7
19 1 8
19 1 9
19 1 10
19 2 1
19 2 2
19 2 3
19 2 4
19 2 5
19 2 6
19 2 7
19 2 8
19 2 9
19 2 10
19 3 1
19 3 2
19 3 3
19 3 4
19 3 5
19 3 6
19 3 7
19 3 8
19 3 9
19 3 10
19 4 1
19 4 2
19 4 3
19 4 4
19 4 5
19 4 6
19 4 7
19 4 8
19 4 9
19 4 10
19 5 1
19 5 2
19 5 3
19 5 4
19 5 5
19 5 6
19 5 7
19 5 8
19 5 9
19 5 10
20 1 1
20 1 2
20 1 3
20 1 4
20 1 5
20 1 6
20 1 7
20 1 8
20 1 9
20 1 10
20 2 1
20 2 2
20 2 3
20 2 4
20 2 5
20 2 6
20 2 7
20 2 8
20 2 9
20 2 10
20 3 1
20 3 2
20 3 3
20 3 4
20 3 5
20 3 6
20 3 7
20 3 8
20 3 9
20 3 10
20 4 1
20 4 2
20 4 3
20 4 4
20 4 5
20 4 6
20 4 7
20 4 8
20 4 9
20 4 10
20 5 1
20 5 2
20 5 3
20 5 4
20 5 5
20 5 6
20 5 7
20 5 8
20 5 9
20 5 10
21 1 1
21 1 2
21 1 3
21 1 4
21 1 5
21 1 6
21 1 7
21 1 8
21 1 9
21 1 10
21 2 1
21 2 2
21 2 3
21 2 4
21 2 5
21 2 6
21 2 7
21 2 8
21 2 9
21 2 10
21 3 1
21 3 2
21 3 3
21 3 4
21 3 5
21 3 6
21 3 7
21 3 8
21 3 9
21 3 10
21 4 1
21 4 2
21 4 3
21 4 4
21 4 5
21 4 6
21 4 7
21 4 8
21 4 9
21 4 10
21 5 1
21 5 2
21 5 3
21 5 4
21 5 5
21 5 6
21 5 7
21 5 8
21 5 9
21 5 10
22 1 1
22 1 2
22 1 3
22 1 4
22 1 5
22 1 6
22 1 7
22 1 8
22 1 9
22 1 10
22 2 1
22 2 2
22 2 3
22 2 4
22 2 5
22 2 6
22 2 7
22 2 8
22 2 9
22 2 10
22 3 1
22 3 2
22 3 3
22 3 4
22 3 5
22 3 6
22 3 7
22 3 8
22 3 9
22 3 10
22 4 1
22 4 2
22 4 3
22 4 4
22 4 5
22 4 6
22 4 7
22 4 8
22 4 9
22 4 10
22 5 1
22 5 2
22 5 3
22 5 4
22 5 5
22 5 6
22 5 7
22 5 8
22 5 9
22 5 10
23 1 1
23 1 2
23 1 3
23 1 4
23 1 5
23 1 6
23 1 7
23 1 8
23 1 9
23 1 10
23 2 1
23 2 2
23 2 3
23 2 4
23 2 5
23 2 6
23 2 7
23 2 8
23 2 9
23 2 10
23 3 1
23 3 2
23 3 3
23 3 4
23 3 5
23 3 6
23 3 7
23 3 8
23 3 9
23 3 10
23 4 1
23 4 2
23 4 3
23 4 4
23 4 5
23 4 6
23 4 7
23 4 8
23 4 9
23 4 10
23 5 1
23 5 2
23 5 3
23 5 4
23 5 5
23 5 6
23 5 7
23 5 8
23 5 9
23 5 10
24 1 1
24 1 2
24 1 3
24 1 4
24 1 5
24 1 6
24 1 7
24 1 8
24 1 9
24 1 10
24 2 1
24 2 2
24 2 3
24 2 4
24 2 5
24 2 6
24 2 7
24 2 8
24 2 9
24 2 10
24 3 1
24 3 2
24 3 3
24 3 4
24 3 5
24 3 6
24 3 7
24 3 8
24 3 9
24 3 10
24 4 1
24 4 2
24 4 3
24 4 4
24 4 5
24 4 6
24 4 7
24 4 8
24 4 9
24 4 10
24 5 1
24 5 2
24 5 3
24 5 4
24 5 5
24 5 6
24 5 7
24 5 8
24 5 9
24 5 10
25 1 1
25 1 2
25 1 3
25 1 4
25 1 5
25 1 6
25 1 7
25 1 8
25 1 9
25 1 10
25 2 1
25 2 2
25 2 3
25 2 4
25 2 5
25 2 6
25 2 7
25 2 8
25 2 9
25 2 10
25 3 1
25 3 2
25 3 3
25 3 4
25 3 5
25 3 6
25 3 7
25 3 8
25 3 9
25 3 10
25 4 1
25 4 2
25 4 3
25 4 4
25 4 5
25 4 6
25 4 7
25 4 8
25 4 9
25 4 10
25 5 1
25 5 2
25 5 3
25 5 4
25 5 5
25 5 6
25 5 7
25 5 8
25 5 9
25 5 10
