0 26 0 10000
0 26 1 10000
0 26 2 10000
0 26 3 10000
0 26 4 10000
0 26 5 10000
0 26 6 10000
0 26 7 10000
0 26 8 10000
0 26 9 10000
0 26 10 10000
0 26 11 10000
0 26 12 10000
0 26 13 10000
0 26 14 10000
1 26 0 10000
1 26 1 10000
1 26 2 10000
1 26 3 10000
1 26 4 10000
1 26 5 10000
1 26 6 10000
1 26 7 10000
1 26 8 10000
1 26 9 10000
1 26 10 10000
1 26 11 10000
1 26 12 10000
1 26 13 10000
1 26 14 10000
2 26 0 10000
2 26 1 10000
2 26 2 10000
2 26 3 10000
2 26 4 10000
2 26 5 10000
2 26 6 10000
2 26 7 10000
2 26 8 10000
2 26 9 10000
2 26 10 10000
2 26 11 10000
2 26 12 10000
2 26 13 10000
2 26 14 10000
3 26 0 10000
3 26 1 10000
3 26 2 10000
3 26 3 10000
3 26 4 10000
3 26 5 10000
3 26 6 10000
3 26 7 10000
3 26 8 10000
3 26 9 10000
3 26 10 10000
3 26 11 10000
3 26 12 10000
3 26 13 10000
3 26 14 10000
4 26 0 10000
4 26 1 10000
4 26 2 10000
4 26 3 10000
4 26 4 10000
4 26 5 10000
4 26 6 10000
4 26 7 10000
4 26 8 10000
4 26 9 10000
4 26 10 10000
4 26 11 10000
4 26 12 10000
4 26 13 10000
4 26 14 10000
5 26 0 10000
5 26 1 10000
5 26 2 10000
5 26 3 10000
5 26 4 10000
5 26 5 10000
5 26 6 10000
5 26 7 10000
5 26 8 10000
5 26 9 10000
5 26 10 10000
5 26 11 10000
5 26 12 10000
5 26 13 10000
5 26 14 10000
6 26 0 10000
6 26 1 10000
6 26 2 10000
6 26 3 10000
6 26 4 10000
6 26 5 10000
6 26 6 10000
6 26 7 10000
6 26 8 10000
6 26 9 10000
6 26 10 10000
6 26 11 10000
6 26 12 10000
6 26 13 10000
6 26 14 10000
7 26 0 10000
7 26 1 10000
7 26 2 10000
7 26 3 10000
7 26 4 10000
7 26 5 10000
7 26 6 10000
7 26 7 10000
7 26 8 10000
7 26 9 10000
7 26 10 10000
7 26 11 10000
7 26 12 10000
7 26 13 10000
7 26 14 10000
8 26 0 10000
8 26 1 10000
8 26 2 10000
8 26 3 10000
8 26 4 10000
8 26 5 10000
8 26 6 10000
8 26 7 10000
8 26 8 10000
8 26 9 10000
8 26 10 10000
8 26 11 10000
8 26 12 10000
8 26 13 10000
8 26 14 10000
9 26 0 10000
9 26 1 10000
9 26 2 10000
9 26 3 10000
9 26 4 10000
9 26 5 10000
9 26 6 10000
9 26 7 10000
9 26 8 10000
9 26 9 10000
9 26 10 10000
9 26 11 10000
9 26 12 10000
9 26 13 10000
9 26 14 10000
10 26 0 10000
10 26 1 10000
10 26 2 10000
10 26 3 10000
10 26 4 10000
10 26 5 10000
10 26 6 10000
10 26 7 10000
10 26 8 10000
10 26 9 10000
10 26 10 10000
10 26 11 10000
10 26 12 10000
10 26 13 10000
10 26 14 10000
0 27 0 10000
0 27 1 10000
0 27 2 10000
0 27 3 10000
0 27 4 10000
0 27 5 10000
0 27 6 10000
0 27 7 10000
0 27 8 10000
0 27 9 10000
0 27 10 10000
0 27 11 10000
0 27 12 10000
0 27 13 10000
0 27 14 10000
1 27 0 10000
1 27 1 10000
1 27 2 10000
1 27 3 10000
1 27 4 10000
1 27 5 10000
1 27 6 10000
1 27 7 10000
1 27 8 10000
1 27 9 10000
1 27 10 10000
1 27 11 10000
1 27 12 10000
1 27 13 10000
1 27 14 10000
2 27 0 10000
2 27 1 10000
2 27 2 10000
2 27 3 10000
2 27 4 10000
2 27 5 10000
2 27 6 10000
2 27 7 10000
2 27 8 10000
2 27 9 10000
2 27 10 10000
2 27 11 10000
2 27 12 10000
2 27 13 10000
2 27 14 10000
3 27 0 10000
3 27 1 10000
3 27 2 10000
3 27 3 10000
3 27 4 10000
3 27 5 10000
3 27 6 10000
3 27 7 10000
3 27 8 10000
3 27 9 10000
3 27 10 10000
3 27 11 10000
3 27 12 10000
3 27 13 10000
3 27 14 10000
4 27 0 10000
4 27 1 10000
4 27 2 10000
4 27 3 10000
4 27 4 10000
4 27 5 10000
4 27 6 10000
4 27 7 10000
4 27 8 10000
4 27 9 10000
4 27 10 10000
4 27 11 10000
4 27 12 10000
4 27 13 10000
4 27 14 10000
5 27 0 10000
5 27 1 10000
5 27 2 10000
5 27 3 10000
5 27 4 10000
5 27 5 10000
5 27 6 10000
5 27 7 10000
5 27 8 10000
5 27 9 10000
5 27 10 10000
5 27 11 10000
5 27 12 10000
5 27 13 10000
5 27 14 10000
6 27 0 10000
6 27 1 10000
6 27 2 10000
6 27 3 10000
6 27 4 10000
6 27 5 10000
6 27 6 10000
6 27 7 10000
6 27 8 10000
6 27 9 10000
6 27 10 10000
6 27 11 10000
6 27 12 10000
6 27 13 10000
6 27 14 10000
7 27 0 10000
7 27 1 10000
7 27 2 10000
7 27 3 10000
7 27 4 10000
7 27 5 10000
7 27 6 10000
7 27 7 10000
7 27 8 10000
7 27 9 10000
7 27 10 10000
7 27 11 10000
7 27 12 10000
7 27 13 10000
7 27 14 10000
8 27 0 10000
8 27 1 10000
8 27 2 10000
8 27 3 10000
8 27 4 10000
8 27 5 10000
8 27 6 10000
8 27 7 10000
8 27 8 10000
8 27 9 10000
8 27 10 10000
8 27 11 10000
8 27 12 10000
8 27 13 10000
8 27 14 10000
9 27 0 10000
9 27 1 10000
9 27 2 10000
9 27 3 10000
9 27 4 10000
9 27 5 10000
9 27 6 10000
9 27 7 10000
9 27 8 10000
9 27 9 10000
9 27 10 10000
9 27 11 10000
9 27 12 10000
9 27 13 10000
9 27 14 10000
10 27 0 10000
10 27 1 10000
10 27 2 10000
10 27 3 10000
10 27 4 10000
10 27 5 10000
10 27 6 10000
10 27 7 10000
10 27 8 10000
10 27 9 10000
10 27 10 10000
10 27 11 10000
10 27 12 10000
10 27 13 10000
10 27 14 10000
0 28 0 10000
0 28 1 10000
0 28 2 10000
0 28 3 10000
0 28 4 10000
0 28 5 10000
0 28 6 10000
0 28 7 10000
0 28 8 10000
0 28 9 10000
0 28 10 10000
0 28 11 10000
0 28 12 10000
0 28 13 10000
0 28 14 10000
1 28 0 10000
1 28 1 10000
1 28 2 10000
1 28 3 10000
1 28 4 10000
1 28 5 10000
1 28 6 10000
1 28 7 10000
1 28 8 10000
1 28 9 10000
1 28 10 10000
1 28 11 10000
1 28 12 10000
1 28 13 10000
1 28 14 10000
2 28 0 10000
2 28 1 10000
2 28 2 10000
2 28 3 10000
2 28 4 10000
2 28 5 10000
2 28 6 10000
2 28 7 10000
2 28 8 10000
2 28 9 10000
2 28 10 10000
2 28 11 10000
2 28 12 10000
2 28 13 10000
2 28 14 10000
3 28 0 10000
3 28 1 10000
3 28 2 10000
3 28 3 10000
3 28 4 10000
3 28 5 10000
3 28 6 10000
3 28 7 10000
3 28 8 10000
3 28 9 10000
3 28 10 10000
3 28 11 10000
3 28 12 10000
3 28 13 10000
3 28 14 10000
4 28 0 10000
4 28 1 10000
4 28 2 10000
4 28 3 10000
4 28 4 10000
4 28 5 10000
4 28 6 10000
4 28 7 10000
4 28 8 10000
4 28 9 10000
4 28 10 10000
4 28 11 10000
4 28 12 10000
4 28 13 10000
4 28 14 10000
5 28 0 10000
5 28 1 10000
5 28 2 10000
5 28 3 10000
5 28 4 10000
5 28 5 10000
5 28 6 10000
5 28 7 10000
5 28 8 10000
5 28 9 10000
5 28 10 10000
5 28 11 10000
5 28 12 10000
5 28 13 10000
5 28 14 10000
6 28 0 10000
6 28 1 10000
6 28 2 10000
6 28 3 10000
6 28 4 10000
6 28 5 10000
6 28 6 10000
6 28 7 10000
6 28 8 10000
6 28 9 10000
6 28 10 10000
6 28 11 10000
6 28 12 10000
6 28 13 10000
6 28 14 10000
7 28 0 10000
7 28 1 10000
7 28 2 10000
7 28 3 10000
7 28 4 10000
7 28 5 10000
7 28 6 10000
7 28 7 10000
7 28 8 10000
7 28 9 10000
7 28 10 10000
7 28 11 10000
7 28 12 10000
7 28 13 10000
7 28 14 10000
8 28 0 10000
8 28 1 10000
8 28 2 10000
8 28 3 10000
8 28 4 10000
8 28 5 10000
8 28 6 10000
8 28 7 10000
8 28 8 10000
8 28 9 10000
8 28 10 10000
8 28 11 10000
8 28 12 10000
8 28 13 10000
8 28 14 10000
9 28 0 10000
9 28 1 10000
9 28 2 10000
9 28 3 10000
9 28 4 10000
9 28 5 10000
9 28 6 10000
9 28 7 10000
9 28 8 10000
9 28 9 10000
9 28 10 10000
9 28 11 10000
9 28 12 10000
9 28 13 10000
9 28 14 10000
10 28 0 10000
10 28 1 10000
10 28 2 10000
10 28 3 10000
10 28 4 10000
10 28 5 10000
10 28 6 10000
10 28 7 10000
10 28 8 10000
10 28 9 10000
10 28 10 10000
10 28 11 10000
10 28 12 10000
10 28 13 10000
10 28 14 10000
0 29 0 10000
0 29 1 10000
0 29 2 10000
0 29 3 10000
0 29 4 10000
0 29 5 10000
0 29 6 10000
0 29 7 10000
0 29 8 10000
0 29 9 10000
0 29 10 10000
0 29 11 10000
0 29 12 10000
0 29 13 10000
0 29 14 10000
1 29 0 10000
1 29 1 10000
1 29 2 10000
1 29 3 10000
1 29 4 10000
1 29 5 10000
1 29 6 10000
1 29 7 10000
1 29 8 10000
1 29 9 10000
1 29 10 10000
1 29 11 10000
1 29 12 10000
1 29 13 10000
1 29 14 10000
2 29 0 10000
2 29 1 10000
2 29 2 10000
2 29 3 10000
2 29 4 10000
2 29 5 10000
2 29 6 10000
2 29 7 10000
2 29 8 10000
2 29 9 10000
2 29 10 10000
2 29 11 10000
2 29 12 10000
2 29 13 10000
2 29 14 10000
3 29 0 10000
3 29 1 10000
3 29 2 10000
3 29 3 10000
3 29 4 10000
3 29 5 10000
3 29 6 10000
3 29 7 10000
3 29 8 10000
3 29 9 10000
3 29 10 10000
3 29 11 10000
3 29 12 10000
3 29 13 10000
3 29 14 10000
4 29 0 10000
4 29 1 10000
4 29 2 10000
4 29 3 10000
4 29 4 10000
4 29 5 10000
4 29 6 10000
4 29 7 10000
4 29 8 10000
4 29 9 10000
4 29 10 10000
4 29 11 10000
4 29 12 10000
4 29 13 10000
4 29 14 10000
5 29 0 10000
5 29 1 10000
5 29 2 10000
5 29 3 10000
5 29 4 10000
5 29 5 10000
5 29 6 10000
5 29 7 10000
5 29 8 10000
5 29 9 10000
5 29 10 10000
5 29 11 10000
5 29 12 10000
5 29 13 10000
5 29 14 10000
6 29 0 10000
6 29 1 10000
6 29 2 10000
6 29 3 10000
6 29 4 10000
6 29 5 10000
6 29 6 10000
6 29 7 10000
6 29 8 10000
6 29 9 10000
6 29 10 10000
6 29 11 10000
6 29 12 10000
6 29 13 10000
6 29 14 10000
7 29 0 10000
7 29 1 10000
7 29 2 10000
7 29 3 10000
7 29 4 10000
7 29 5 10000
7 29 6 10000
7 29 7 10000
7 29 8 10000
7 29 9 10000
7 29 10 10000
7 29 11 10000
7 29 12 10000
7 29 13 10000
7 29 14 10000
8 29 0 10000
8 29 1 10000
8 29 2 10000
8 29 3 10000
8 29 4 10000
8 29 5 10000
8 29 6 10000
8 29 7 10000
8 29 8 10000
8 29 9 10000
8 29 10 10000
8 29 11 10000
8 29 12 10000
8 29 13 10000
8 29 14 10000
9 29 0 10000
9 29 1 10000
9 29 2 10000
9 29 3 10000
9 29 4 10000
9 29 5 10000
9 29 6 10000
9 29 7 10000
9 29 8 10000
9 29 9 10000
9 29 10 10000
9 29 11 10000
9 29 12 10000
9 29 13 10000
9 29 14 10000
10 29 0 10000
10 29 1 10000
10 29 2 10000
10 29 3 10000
10 29 4 10000
10 29 5 10000
10 29 6 10000
10 29 7 10000
10 29 8 10000
10 29 9 10000
10 29 10 10000
10 29 11 10000
10 29 12 10000
10 29 13 10000
10 29 14 10000
